34962.97
28170.08
63054.80
45379.75
32043.57
61472.05
50898.98
63748.79
39349.66
22652.02
30304.52
128900.60
30576.29
61769.47
29488.07
26440.37
37940.70
23532.63
38689.50
46168.21
35884.40
200118.67
27731.53
37482.32
28603.97
184664.37
113318.01
91495.37
117376.95
222664.44
24959.09
40553.35
71564.58
32416.81
59468.24
56229.25
58124.59
29086.84
113411.32
37800.73
26761.12
43971.95
100254.75
31039.33
54961.42
46428.31
22833.98
31362.42
100161.44
28332.21
51643.12
25604.09
50286.64
52376.76
37560.46
37864.88
36876.97
29476.41
72287.72
73960.29
66633.20
24106.48
211887.26
137578.34
184827.66
47887.43
60447.98
83085.90
27840.00
200946.78
81919.54
49243.91
33751.12
47977.24
22328.94
40069.31
51624.46
22440.91
83529.12
23271.36
30520.30
24212.62
37827.56
77635.49
39696.07
63038.47
70771.45
33702.14
28084.94
22708.01
30269.53
52767.49
32170.70
25577.26
60428.16
119919.62
27111.03
