3562831103.020000
2861209306.060000
3974894698.060000
2692441857.020000
4722778550.940001
3309790209.840000
2769330261.220001
2620374840.040000
2554945823.260000
2713645991.620000
3247145406.540000
3418052002.060000
3264920260.660000
6692932121.540001
2399029868.380000
3748303832.940000
2558799609.980000
2354482452.700000
4178464815.600000
4765933859.880000
3093691131.640000
3349516238.300000
2866777733.020000
3277771754.820001
6049133740.660001
2165155936.060000
2663530148.980000
4150300147.300001
3696473350.060000
4304823995.440001
3281303008.040000
2200705644.300000
3386356080.540000
5000877365.440000
3067563637.080000
2634295907.440001
2358658772.920000
3514429900.620000
6414188240.040001
3556193102.820001
3037684328.540000
3749373406.180000
4119996332.520000
2304366610.060000
1907293655.660000
3124640013.420001
2308542930.280000
